0 1.55360908739
0 1.49245752113
0 1.5739011835
0 1.51004636541
0 1.52775915406
0 1.3601167195
0 1.57573559867
0 1.52095083456
0 1.38699925967
0 1.34747072498
0 1.55685721484
0 1.51840949888
0 1.55685804135
0 1.51841079812
0 1.55685886186
0 1.51841214283
0 1.55685946384
0 1.51841318315
0 1.38696318213
0 1.34743393043
0 1.50317344096
0 1.50520194225
0 1.5257108093
0 1.49247079613
0 1.52921176303
0 1.50617523467
0 1.57573381435
0 1.5209484611
0 1.55685814322
0 1.51841097784
0 1.50364289298
0 1.30383577558
0 1.54298977742
0 1.49247196501
0 1.52775640206
0 1.36010851646
0 1.57573480689
0 1.52094972775
0 1.38697239173
0 1.34744171762
0 1.50364399202
0 1.50568968315
0 1.52621520714
0 1.49247292102
0 1.34743352702
0 1.50374667165
0 1.574973918
0 1.36012036479
0 1.5255887093
0 1.48731352702
0 1.50569057476
0 1.55361104184
0 1.49076191296
0 1.51721870152
0 1.50617357324
0 1.57497451522
0 1.36012350043
0 1.52631472341
0 1.23354225446
0 1.50375072237
0 1.55534319236
0 1.49075188289
0 1.51721977641
0 1.50617445422
0 1.57390927801
0 1.51005731085
0 1.5263157843
0 1.48616458165
0 1.5056858034
0 1.55361852612
0 1.49075312616
0 1.5172208069
0 1.5061755607
0 1.5734531507
0 1.50908785366
0 1.37972748676
0 1.54624815428
0 1.48731105952
0 1.50568832665
0 1.55361900946
0 1.49247262586
0 1.52672712329
0 1.50714693305
0 1.57391066805
0 1.51005914993
0 1.54987769893
0 1.48731289184
0 1.50569011015
0 1.55361974701
0 1.49247365546
0 1.51722292931
0 1.50617744999
0 1.57391121437
0 1.51005992968
0 1.55016772489
0 1.52278632181
0 1.50180597863
0 1.49075433065
0 1.52375729477
0 1.49075541982
1 1.07608171223
1 1.07608211368
1 1.07608270519
1 1.07608305704
1 1.07610073471
1 1.07608136955
1 1.07608182423
1 1.07608424154
1 1.07608281542
1 1.07608310319
1 1.07607103767
1 1.07608146115
1 1.07608185855
1 1.07603647699
1 1.07608216861
1 1.07608267364
1 1.07608309771
1 1.07608493599
1 1.10259020804
1 0.955400302484
1 1.03055659242
1 0.955446230722
1 1.0305809524
1 0.955447085896
1 1.03058228892
1 0.955448605283
1 1.03058363553
1 0.955449874607
1 1.03058475843
1 0.955451168508
1 1.03058591024
1 0.955768738809
1 1.03038437621
1 0.955447286854
1 1.03058189256
1 0.955446588692
1 0.213068185441
1 1.0462012387
1 1.04620239346
1 1.04620354104
1 1.04620463627
1 1.04620563755
1 1.06643404382
1 1.06643474502
1 1.10424850116
1 1.10497033722
1 1.10497106343
1 1.10259369388
1 1.09894660778
1 1.0989475386
1 1.04681252784
1 1.09894798962
1 1.04681305809
1 1.07705845618
1 1.04943567475
1 0.875654853324
1 0.825036383667
1 1.06515915235
1 1.0370616832
1 1.07341272466
1 1.05788088924
1 1.07341327893
1 1.05788159273
1 1.07341377173
1 1.05788221771
1 1.07341422433
1 1.05788278683
1 1.07341200194
1 1.05787941103
1 1.05805995986
1 1.0293061191
1 1.05806061356
1 1.02930686573
1 1.05806131123
1 1.02930767563
1 1.05588699569
1 1.02653431071
1 1.05588773927
1 1.02653493803
1 1.05588830938
1 1.02653560572
1 1.05588372729
1 1.02653206017
1 1.0558858684
1 1.02653316646
1 1.05588679593
1 1.02653403966
1 1.05588756789
1 1.02653486546
1 1.05588839064
1 1.02653568309
1 1.05588911119
1 1.02653648377
1 1.0558897405
1 1.02653719738
1 1.03496128099
1 1.03495920924
1 1.03495936713
1 1.03496010967
1 1.03496072933
2 0.455435653608
2 0.455436447465
2 0.455436428323
2 0.455436287173
2 0.455437126877
2 0.419821100613
2 0.419821575839
2 0.419821724065
2 0.412686474655
2 0.412686482153
2 0.412686755559
2 0.402893932111
2 0.402894066416
2 0.399629889124
2 0.393966014469
2 0.393968159815
2 0.393963255831
2 0.399627598511
2 0.399632518049
2 0.399628289028
2 0.397257067961
2 0.397250290479
2 0.397205728675
2 0.386572071261
2 0.386440054447
2 0.390304011098
2 0.455440034561
2 0.390306817651
2 0.455437972223
2 0.390342718687
2 0.455431855042
2 0.390307146106
2 0.455438356369
2 0.39030316783
2 0.455433948023
2 0.376343281151
2 0.455434884648
2 0.376343396665
2 0.455434807472
2 0.376344075605
2 0.455435614359
2 0.455435724243
2 0.455436938522
2 0.455436493842
2 0.455437554416
2 0.455437145847
2 0.455437427495
2 0.455437620401
2 0.455437872827
2 0.455437977064
2 0.455437697072
2 0.455438146769
2 0.455486190595
2 0.455433633455
2 0.455434596621
2 0.455435251839
2 0.455435506707
2 0.455435007585
2 0.455436298171
2 0.455438193704
2 0.455436999962
2 0.455436887599
2 0.455437576154
2 0.455438691916
2 0.455437937246
2 0.45543657157
2 0.45543828132
2 0.455425796711
2 0.455434720265
2 0.455482280508
2 0.455435627437
2 0.455435621275
2 0.455436308022
2 0.45543642615
2 0.455437151171
2 0.45543710781
2 0.455438034512
2 0.4554375516
2 0.45543812236
2 0.455437954225
2 0.455437837098
2 0.45543461645
2 0.455435795848
2 0.455434903966
2 0.455435052017
2 0.455435789459
2 0.455437248209
2 0.45543657449
2 0.45543451264
2 0.455437271978
2 0.455417339879
2 0.455437741002
2 0.455437517512
2 0.455438032393
2 0.455437929051
2 0.455384107572
2 0.455433952713
2 0.455434906884
2 0.455435097911
2 0.455435557434